k1 = 0.81961 \\ k2 = 1.479 \\ k3 = 1 \\ k4 = 0.16253 \\ min(I) = 0 \\ max(I) = 0.81961 
k1 = 1 \\ k2 = 1.479 \\ k3 = 1 \\ k4 = 0.24194 \\ min(I) = 0 \\ max(I) = 1 
k1 = 1 \\ k2 = 1.9995 \\ k3 = 1 \\ k4 = 0.34542 \\ min(I) = 0 \\ max(I) = 1 
