k1 = 1 \\ k2 = 8.1303 \\ k3 = 1 \\ k4 = 0.010888 \\ min(I) = 0 \\ max(I) = 1 
k1 = 1 \\ k2 = 2.485 \\ k3 = 1 \\ k4 = 0.15298 \\ min(I) = 0 \\ max(I) = 1 
k1 = 1 \\ k2 = 2.3309 \\ k3 = 1 \\ k4 = 0.24966 \\ min(I) = 0 \\ max(I) = 1 
