k1 = 1 \\ k2 = 8.1303 \\ k3 = 1 \\ k4 = 0.010888 \\ min(I) = 0 \\ max(I) = 1 
k1 = 1 \\ k2 = 2.3834 \\ k3 = 1 \\ k4 = 0.20638 \\ min(I) = 0 \\ max(I) = 1 
k1 = 1 \\ k2 = 2.0034 \\ k3 = 1 \\ k4 = 0.34362 \\ min(I) = 0 \\ max(I) = 1 
