k1 = 0.28627 \\ k2 = 2.3275 \\ k3 = 1 \\ k4 = 0.010884 \\ min(I) = 0 \\ max(I) = 0.28627 
k1 = 1 \\ k2 = 2.3275 \\ k3 = 1 \\ k4 = 0.13281 \\ min(I) = 0 \\ max(I) = 1 
k1 = 1 \\ k2 = 2.0034 \\ k3 = 1 \\ k4 = 0.34362 \\ min(I) = 0 \\ max(I) = 1 
