k1 = 0.99216 \\ k2 = 31.319 \\ k3 = 0.98444 \\ k4 = 0.013196 \\ min(I) = 0.0078431 \\ max(I) = 1 
k1 = 1 \\ k2 = 10.334 \\ k3 = 1 \\ k4 = 0.053817 \\ min(I) = 0 \\ max(I) = 1 
k1 = 1 \\ k2 = 9.9517 \\ k3 = 1 \\ k4 = 0.052725 \\ min(I) = 0 \\ max(I) = 1 
