k1 = 0.99216 \\ k2 = 31.319 \\ k3 = 0.98444 \\ k4 = 0.013196 \\ min(I) = 0.0078431 \\ max(I) = 1 
k1 = 1 \\ k2 = 41.625 \\ k3 = 1 \\ k4 = 0.013405 \\ min(I) = 0 \\ max(I) = 1 
k1 = 1 \\ k2 = 2.0148 \\ k3 = 1 \\ k4 = 0.14579 \\ min(I) = 0 \\ max(I) = 1 
