k1 = 0.76078 \\ k2 = 2.4201 \\ k3 = 1 \\ k4 = 0.15035 \\ min(I) = 0 \\ max(I) = 0.76078 
k1 = 1 \\ k2 = 2.4201 \\ k3 = 1 \\ k4 = 0.25977 \\ min(I) = 0 \\ max(I) = 1 
k1 = 1 \\ k2 = 2.001 \\ k3 = 1 \\ k4 = 0.34525 \\ min(I) = 0 \\ max(I) = 1 
