k1 = 0.76078 \\ k2 = 2.4201 \\ k3 = 1 \\ k4 = 0.15035 \\ min(I) = 0 \\ max(I) = 0.76078 
k1 = 0.95151 \\ k2 = 2.5082 \\ k3 = 0.99577 \\ k4 = 0.21578 \\ min(I) = 0.0020192 \\ max(I) = 0.95353 
k1 = 0.99447 \\ k2 = 2.3645 \\ k3 = 0.99748 \\ k4 = 0.23846 \\ min(I) = 0.0012567 \\ max(I) = 0.99573 
