k1 = 0.99216 \\ k2 = 31.319 \\ k3 = 0.98444 \\ k4 = 0.013196 \\ min(I) = 0.0078431 \\ max(I) = 1 
k1 = 0.98955 \\ k2 = 21.983 \\ k3 = 0.97932 \\ k4 = 0.013491 \\ min(I) = 0.010447 \\ max(I) = 1 
k1 = 0.98992 \\ k2 = 18.124 \\ k3 = 0.98004 \\ k4 = 0.01379 \\ min(I) = 0.010082 \\ max(I) = 1 
