k1 = 1 \\ k2 = 31.566 \\ k3 = 1 \\ k4 = 0.013199 \\ min(I) = 0 \\ max(I) = 1 
k1 = 1 \\ k2 = 119.81 \\ k3 = 1 \\ k4 = 0.013842 \\ min(I) = 0 \\ max(I) = 1 
k1 = 1 \\ k2 = 4.6968 \\ k3 = 1 \\ k4 = 0.093701 \\ min(I) = 0 \\ max(I) = 1 
