k1 = 1 \\ k2 = 31.566 \\ k3 = 1 \\ k4 = 0.013199 \\ min(I) = 0 \\ max(I) = 1 
k1 = 1 \\ k2 = 10.334 \\ k3 = 1 \\ k4 = 0.053819 \\ min(I) = 0 \\ max(I) = 1 
k1 = 1 \\ k2 = 2.0148 \\ k3 = 1 \\ k4 = 0.14579 \\ min(I) = 0 \\ max(I) = 1 
