k1 = 0.76078 \\ k2 = 2.4201 \\ k3 = 1 \\ k4 = 0.15035 \\ min(I) = 0 \\ max(I) = 0.76078 
k1 = 1 \\ k2 = 2.6749 \\ k3 = 1 \\ k4 = 0.31168 \\ min(I) = 0 \\ max(I) = 1 
k1 = 1 \\ k2 = 2.357 \\ k3 = 1 \\ k4 = 0.27598 \\ min(I) = 0 \\ max(I) = 1 
