k1 = 0.81961 \\ k2 = 1.479 \\ k3 = 1 \\ k4 = 0.16253 \\ min(I) = 0 \\ max(I) = 0.81961 
k1 = 1 \\ k2 = 1.6703 \\ k3 = 1 \\ k4 = 0.38127 \\ min(I) = 0 \\ max(I) = 1 
k1 = 1 \\ k2 = 1.667 \\ k3 = 1 \\ k4 = 0.37775 \\ min(I) = 0 \\ max(I) = 1 
