k1 = 0.28627 \\ k2 = 2.3275 \\ k3 = 1 \\ k4 = 0.010884 \\ min(I) = 0 \\ max(I) = 0.28627 
k1 = 0.79676 \\ k2 = 2.7165 \\ k3 = 0.99578 \\ k4 = 0.094358 \\ min(I) = 0.0016876 \\ max(I) = 0.79844 
k1 = 0.79676 \\ k2 = 2.7165 \\ k3 = 0.99578 \\ k4 = 0.094358 \\ min(I) = 0.0016876 \\ max(I) = 0.79844 
