k1 = 1 \\ k2 = 3.181 \\ k3 = 1 \\ k4 = 0.15035 \\ min(I) = 0 \\ max(I) = 1 
k1 = 1 \\ k2 = 2.6749 \\ k3 = 1 \\ k4 = 0.31169 \\ min(I) = 0 \\ max(I) = 1 
k1 = 1 \\ k2 = 2.001 \\ k3 = 1 \\ k4 = 0.34525 \\ min(I) = 0 \\ max(I) = 1 
