k1 = 1 \\ k2 = 3.181 \\ k3 = 1 \\ k4 = 0.15035 \\ min(I) = 0 \\ max(I) = 1 
k1 = 1 \\ k2 = 2.6407 \\ k3 = 1 \\ k4 = 0.30172 \\ min(I) = 0 \\ max(I) = 1 
k1 = 1 \\ k2 = 2.6705 \\ k3 = 1 \\ k4 = 0.32133 \\ min(I) = 0 \\ max(I) = 1 
