k1 = 1 \\ k2 = 1.8045 \\ k3 = 1 \\ k4 = 0.16253 \\ min(I) = 0 \\ max(I) = 1 
k1 = 1 \\ k2 = 1.5869 \\ k3 = 1 \\ k4 = 0.3154 \\ min(I) = 0 \\ max(I) = 1 
k1 = 1 \\ k2 = 1.7267 \\ k3 = 1 \\ k4 = 0.41726 \\ min(I) = 0 \\ max(I) = 1 
