k1 = 1 \\ k2 = 1.8045 \\ k3 = 1 \\ k4 = 0.16253 \\ min(I) = 0 \\ max(I) = 1 
k1 = 1 \\ k2 = 1.6703 \\ k3 = 1 \\ k4 = 0.38128 \\ min(I) = 0 \\ max(I) = 1 
k1 = 1 \\ k2 = 1.9995 \\ k3 = 1 \\ k4 = 0.34542 \\ min(I) = 0 \\ max(I) = 1 
