k1 = 0.81961 \\ k2 = 1.479 \\ k3 = 1 \\ k4 = 0.16253 \\ min(I) = 0 \\ max(I) = 0.81961 
k1 = 0.99949 \\ k2 = 1.6616 \\ k3 = 0.99905 \\ k4 = 0.24875 \\ min(I) = 0.000475 \\ max(I) = 0.99996 
k1 = 0.99949 \\ k2 = 1.6616 \\ k3 = 0.99905 \\ k4 = 0.24875 \\ min(I) = 0.000475 \\ max(I) = 0.99996 
